0.00035376807523259
0.000527384085615676
0.000782087495879662
0.00115277264941358
0.00168762838296594
0.00245232568231542
0.00353511034921993
0.00505280228331033
0.00715759070107587
0.0100443472112646
0.0139579487378372
0.0191998107036699
0.0261324934588455
0.0351809002485404
0.0468283017319605
0.0616053021310486
0.0800700347004119
0.10277847464055
0.130244886745352
0.162894091670854
0.201009292289251
0.244681306087331
0.293766671704419
0.347862620158926
0.406305804359194
0.46819877375581
0.532463790904245
0.597918590815422
0.663364322305309
0.72767340084706
0.784750659924101
0.819133858541991
0.849282745613316
0.875344869081117
0.897578532613313
0.916314092921554
0.931920445676272
0.944778707050194
0.955263240832223
0.963728939495941
0.970503163765793
0.962465845247116
0.901306958711606
0.0373042922742924
NaN
NaN
NaN
NaN
NaN
NaN
NaN
NaN
NaN
NaN
NaN
NaN
NaN
NaN
NaN
NaN
NaN
