0.000321897466330189
0.000477965788634868
0.000706206111241294
0.00103749417359397
0.00151447624046474
0.00219532431560366
0.00315834419090801
0.00450746924775813
0.00637858501404854
0.00894649333496139
0.0124321315296937
0.0171094074291069
0.023310703011467
0.0314297627689411
0.0419203688020182
0.0552889949771037
0.0720796400257579
0.0928493956698205
0.11813413215917
0.148405043986155
0.184018639214993
0.225164849617463
0.27181986317434
0.323711463284896
0.380304511800741
0.440812338918471
0.50423621680484
0.569430353747106
0.635184999160178
0.700316560034977
0.763752154467323
0.8051822442671
0.837227674993254
0.86507173285211
0.888930538361605
0.905166566192027
0.922544708901061
0.9369922532377
0.948873435623295
0.958543881499146
0.96633966920182
0.972569959477378
0.939284377596113
0.538112256594263
0.498685875640397
0.467279633213252
NaN
NaN
NaN
NaN
NaN
NaN
NaN
NaN
NaN
NaN
NaN
NaN
NaN
NaN
NaN
