0.00135255178712777
0.00193658052723179
0.00275175728768656
0.00387912621793564
0.00542346739316711
0.007518298849895
0.0103311402408165
0.0140686830732187
0.0189813398909091
0.0253664508668338
0.0335692318687017
0.0439803877583016
0.0570292380706135
0.0731712712993397
0.092869324874931
0.116568134993239
0.144662833671942
0.177463048813026
0.215155462724909
0.25776879265812
0.305145893984605
0.35692776423808
0.412553434021274
0.471278030607917
0.532208889631004
0.594356898106224
0.656697844117966
0.718236963749489
0.777626199370393
0.811386844212058
0.841257320911623
0.867304774255668
0.889712882560641
0.908751934933643
0.875414241522422
0.878255756849616
0.895536875479266
0.911039109130851
0.92472285453487
0.936595184859896
0.874652847584518
0.887765364058029
0.492287130628716
0.48828920793399
0.465393602047827
NaN
NaN
NaN
NaN
NaN
NaN
NaN
NaN
NaN
NaN
NaN
NaN
NaN
NaN
NaN
NaN
