0.000174694603982399
0.000262303457292369
0.000392514020818963
0.000584757721985845
0.000866488828651791
0.00127603354385203
0.00186622017547004
0.00270889477137055
0.00390038404380222
0.00556788784344914
0.00787665467835829
0.0110376045056855
0.0153148064574943
0.0210318985881906
0.0285761731061413
0.0383986911907632
0.0510085175833557
0.0669590938244271
0.0868250440499457
0.111168471720451
0.14049515293393
0.175202939113755
0.215526942073757
0.26148826021548
0.312854500706843
0.36912048845045
0.429515828262768
0.493042328966321
0.558539237583727
0.624768878874912
0.690511060426909
0.754652726461126
0.800352766367624
0.83315731128903
0.861690737357586
0.886164430980516
0.906887190882228
0.924225729921639
0.938571949918579
0.950318370039096
0.959841308364947
0.967490348364799
0.970630156258364
0.940010136052643
0.677670541102999
0.651603778119727
NaN
NaN
NaN
NaN
NaN
NaN
NaN
NaN
NaN
NaN
NaN
NaN
NaN
NaN
NaN
