0.000230506401491591
0.00034276388895183
0.000507316473101526
0.000746778611573342
0.00109253108091641
0.00158760461015419
0.00229027200975022
0.0032784140563107
0.00465467481112292
0.00655233929683051
0.00914174181757582
0.0126368398416461
0.0173013644379189
0.0234536914327099
0.0314692905132099
0.0417793461670439
0.054863973333044
0.0712384647797575
0.0914313135446864
0.115953450637651
0.145259278347326
0.179701623100842
0.219484502879916
0.264619271331232
0.314890807836386
0.369840486191506
0.428771319381627
0.490777892581255
0.554799832008756
0.619693395681895
0.684312325767281
0.747587300363838
0.795869667490353
0.828786305934694
0.857551095747938
0.882324513120504
0.903373148312789
0.921034153006893
0.9331366968518
0.945483057212504
0.941536575191478
0.945257723994435
0.87072289870303
0.881806026098008
0.893009276383126
0.904067132998576
0.91466825105382
NaN
NaN
NaN
NaN
NaN
NaN
NaN
NaN
NaN
NaN
NaN
NaN
NaN
NaN
