0.000739750603873524
0.00106310436356081
0.00151764191961819
0.0021514054005105
0.00302766014209279
0.0042287140664242
0.00586028633241556
0.00805632866992488
0.0109841036497166
0.0148491935126594
0.0198999520520479
0.0264307278891848
0.0347829974280821
0.0453433796094471
0.0585374065528531
0.0748179518838427
0.0946474369346788
0.118473403609455
0.14669779556774
0.179641309841363
0.217505377262601
0.260335521706898
0.307990775493995
0.360124194163103
0.416179057179431
0.475403927637128
0.536887444489017
0.599610843443021
0.662513257481941
0.724562446861727
0.781716335415551
0.815397358626861
0.823259810077192
0.851137216935181
0.875557139086562
0.896650010000255
0.914626228251621
0.885635886817275
0.902455562638669
0.917364132423284
0.93039381720273
0.865159646783599
0.879412585345944
0.893224004650734
0.906249316431474
0.918191622781022
NaN
NaN
NaN
NaN
NaN
NaN
NaN
NaN
NaN
NaN
NaN
NaN
NaN
NaN
NaN
